1.000000000000000000e+00 6.045529009000000408e-31
1.009300000000000086e+00 5.221507600000000642e-31
1.018599999999999950e+00 4.510062648999999545e-31
1.028000000000000025e+00 3.895507396000000371e-31
1.037600000000000078e+00 3.364812048999999932e-31
1.047199999999999909e+00 2.906503743999999905e-31
1.056899999999999951e+00 2.510711448999999728e-31
1.066699999999999982e+00 2.168764899999999607e-31
1.076500000000000012e+00 1.873504656000000034e-31
1.086500000000000021e+00 1.618452900000000050e-31
1.096600000000000019e+00 1.398161664000000067e-31
1.106700000000000017e+00 1.207910025000000084e-31
1.116999999999999993e+00 1.043548416000000131e-31
1.127299999999999969e+00 9.016207289999999567e-32
1.137799999999999923e+00 7.789680999999999196e-32
1.148300000000000098e+00 6.730392490000000106e-32
1.158900000000000041e+00 5.815332249999999684e-32
1.169699999999999962e+00 5.024770559999999205e-32
1.180500000000000105e+00 4.341805689999999793e-32
1.191500000000000004e+00 3.751968999999999938e-32
1.202499999999999902e+00 3.242160360000000517e-32
1.213600000000000012e+00 2.801606439999999708e-32
1.224900000000000100e+00 2.421136000000000159e-32
1.236199999999999966e+00 2.092362249999999710e-32
1.247700000000000031e+00 1.808487039999999919e-32
1.259200000000000097e+00 1.563000040000000305e-32
1.270899999999999919e+00 1.350941289999999901e-32
1.282599999999999962e+00 1.167696359999999964e-32
1.294499999999999984e+00 1.009221159999999899e-32
1.306499999999999995e+00 8.723746801000001019e-33
1.318599999999999994e+00 7.541011921000000323e-33
1.330799999999999983e+00 6.518947599999998642e-33
1.343199999999999950e+00 5.635655040999999442e-33
1.355599999999999916e+00 4.872179600999999805e-33
1.368200000000000083e+00 4.212269603999999964e-33
1.380800000000000027e+00 3.642001801000000506e-33
1.393599999999999950e+00 3.149005456000000296e-33
1.406500000000000083e+00 2.722856761000000339e-33
1.419599999999999973e+00 2.354481529000000149e-33
1.432700000000000085e+00 2.035994883999999824e-33
1.445999999999999952e+00 1.760725520999999938e-33
1.459400000000000031e+00 1.522716484000000078e-33
1.472900000000000098e+00 1.316964100000000025e-33
1.486499999999999932e+00 1.138995001000000064e-33
1.500299999999999967e+00 9.852065440000000011e-34
1.514199999999999990e+00 8.521728640000000989e-34
1.528200000000000003e+00 7.371768009999999544e-34
1.542399999999999993e+00 6.377140089999999764e-34
1.556699999999999973e+00 5.516861439999999774e-34
1.571099999999999941e+00 4.772914090000000663e-34
1.585599999999999898e+00 4.129836840000000245e-34
1.600300000000000056e+00 3.573234089999999458e-34
1.615099999999999980e+00 3.091970560000000393e-34
1.630100000000000104e+00 2.675514489999999961e-34
1.645199999999999996e+00 2.315570890000000534e-34
1.660400000000000098e+00 2.003923360000000405e-34
1.675799999999999956e+00 1.734489000000000105e-34
1.691300000000000026e+00 1.501115040000000161e-34
1.707000000000000073e+00 1.299372010000000139e-34
1.722800000000000109e+00 1.124872360000000006e-34
1.738799999999999901e+00 9.738729224999998122e-35
1.754899999999999904e+00 8.431646975999999965e-35
1.771099999999999897e+00 7.300506249000000429e-35
1.787500000000000089e+00 6.321681080999999913e-35
1.804100000000000037e+00 5.474816064000000210e-35
1.820799999999999974e+00 4.742112769000000154e-35
1.837699999999999889e+00 4.109194608999999541e-35
1.854700000000000015e+00 3.567075625000000567e-35
1.871899999999999897e+00 3.226126401000000032e-35
1.889199999999999990e+00 2.722021928999999920e-35
1.906700000000000061e+00 2.318807715999999944e-35
1.924400000000000110e+00 2.005158840999999944e-35
1.942199999999999926e+00 1.736305560999999746e-35
1.960199999999999942e+00 1.504121088999999647e-35
1.978299999999999947e+00 1.303282200999999819e-35
1.996599999999999930e+00 1.129363236000000021e-35
2.015099999999999891e+00 9.787512249999999942e-36
2.033799999999999830e+00 8.483238759999998619e-36
2.052599999999999980e+00 7.353859240000000597e-36
2.071600000000000108e+00 6.375120009999999841e-36
2.090800000000000214e+00 5.526730809999999426e-36
2.110199999999999854e+00 4.792158810000000417e-36
2.129700000000000149e+00 4.155482249999999626e-36
2.149500000000000188e+00 3.603542890000000669e-36
2.169399999999999995e+00 3.125470410000000419e-36
2.189499999999999780e+00 2.710962250000000324e-36
2.209799999999999986e+00 2.351622249999999879e-36
2.230199999999999960e+00 2.040040889999999845e-36
2.250900000000000123e+00 1.769964160000000257e-36
2.271700000000000053e+00 1.535864489999999944e-36
2.292800000000000171e+00 1.332870249999999831e-36
2.314000000000000057e+00 1.156700249999999972e-36
2.335399999999999920e+00 1.004003999999999850e-36
2.357099999999999973e+00 8.714969315999999353e-37
2.378899999999999793e+00 7.565868324000000910e-37
2.400900000000000034e+00 6.568778303999999409e-37
2.423200000000000021e+00 5.703723529000000447e-37
2.445600000000000218e+00 4.953203641000000192e-37
2.468300000000000161e+00 4.301916920999999875e-37
2.491099999999999870e+00 3.736632384000000085e-37
2.514200000000000212e+00 3.245922729000000401e-37
2.537500000000000089e+00 2.820034816000000465e-37
2.560999999999999943e+00 2.450249999999999781e-37
2.584700000000000220e+00 2.129268736000000421e-37
2.608699999999999797e+00 1.850462288999999909e-37
2.632800000000000029e+00 1.608411024999999735e-37
2.657200000000000006e+00 1.398161663999999917e-37
2.681799999999999962e+00 1.215568225000000233e-37
2.706700000000000106e+00 1.056965120999999933e-37
2.731700000000000017e+00 9.191204890000000712e-38
2.757000000000000117e+00 7.993625289999999428e-38
2.782599999999999962e+00 6.953241610000000888e-38
2.808300000000000018e+00 6.048648359999999724e-38
2.834299999999999820e+00 5.262894809999999622e-38
2.860599999999999810e+00 4.579600000000000120e-38
2.887100000000000222e+00 3.985612960000000355e-38
2.913800000000000168e+00 3.468906249999999822e-38
2.940799999999999859e+00 3.019948839999999965e-38
2.968100000000000183e+00 2.629262249999999812e-38
2.995499999999999829e+00 2.289471609999999896e-38
3.023299999999999876e+00 1.993743999999999794e-38
3.051299999999999901e+00 1.736596840000000094e-38
3.079600000000000115e+00 1.512899999999999704e-38
3.108099999999999863e+00 1.318133609999999604e-38
3.136899999999999800e+00 1.148755239999999893e-38
3.165900000000000158e+00 1.001200360000000107e-38
3.195199999999999818e+00 8.727856928999999522e-39
3.224800000000000111e+00 7.609596289000000194e-39
3.254700000000000149e+00 6.635731599999999961e-39
3.284899999999999931e+00 5.787557776000000760e-39
3.315300000000000136e+00 5.048670915999999650e-39
3.346000000000000085e+00 4.404976899999999727e-39
3.376999999999999780e+00 3.844124001000000860e-39
3.408300000000000107e+00 3.355421476000000580e-39
3.439799999999999969e+00 2.929407375999999838e-39
3.471699999999999786e+00 2.558032928999999757e-39
3.503800000000000026e+00 2.234263823999999601e-39
3.536300000000000221e+00 1.951960760999999990e-39
3.568999999999999950e+00 1.705690000000000022e-39
3.602100000000000080e+00 1.490963769000000212e-39
3.635499999999999954e+00 1.303571024999999754e-39
3.669099999999999806e+00 1.140007695999999803e-39
3.703100000000000058e+00 9.972963999999997773e-40
3.737400000000000055e+00 8.727297639999999745e-40
3.771999999999999797e+00 7.639695999999998272e-40
3.806999999999999940e+00 6.689982249999999287e-40
3.842200000000000060e+00 5.860272640000000564e-40
3.877800000000000136e+00 5.135662440000000498e-40
3.913699999999999957e+00 4.502459609999999014e-40
3.950000000000000178e+00 3.948963840000000071e-40
3.986600000000000144e+00 3.464809960000000006e-40
4.023500000000000298e+00 3.041884809999999386e-40
4.060800000000000409e+00 2.671917160000000196e-40
4.098399999999999821e+00 2.347943289999999488e-40
4.136300000000000310e+00 2.064681610000000113e-40
4.174699999999999633e+00 1.816564840000000013e-40
4.213300000000000267e+00 1.599466090000000185e-40
4.252299999999999969e+00 1.409206409999999981e-40
4.291699999999999626e+00 1.242556090000000196e-40
4.331500000000000128e+00 1.096627840000000087e-40
4.371599999999999930e+00 9.684528100000000665e-41
4.412099999999999689e+00 8.560875625000000239e-41
4.453000000000000291e+00 7.574917155999998787e-41
4.494200000000000195e+00 6.709248100000000210e-41
4.535800000000000054e+00 5.949036900000000313e-41
4.577799999999999869e+00 5.280928900000000777e-41
4.620199999999999640e+00 4.693483081000000198e-41
4.663000000000000256e+00 4.176649129000000400e-41
4.706199999999999939e+00 3.721854048999999812e-41
4.749799999999999578e+00 3.321216899999999843e-41
4.793800000000000061e+00 2.968070400000000043e-41
4.838199999999999612e+00 2.656577763999999863e-41
4.883000000000000007e+00 2.381732808999999828e-41
4.928200000000000358e+00 2.138877504000000091e-41
4.973900000000000432e+00 1.924138224999999679e-41
5.019999999999999574e+00 1.734139448999999875e-41
5.066499999999999559e+00 1.565864041000000281e-41
5.113400000000000389e+00 1.416619043999999765e-41
5.160700000000000287e+00 1.284147224999999872e-41
5.208499999999999908e+00 1.166495716000000141e-41
5.256800000000000139e+00 1.061717056000000108e-41
5.305500000000000327e+00 9.684543999999999543e-42
5.354599999999999582e+00 8.852410089999999547e-42
5.404200000000000337e+00 8.108825760000000551e-42
5.454299999999999926e+00 7.443620890000000452e-42
5.504800000000000360e+00 6.847642240000000967e-42
5.555799999999999628e+00 6.312656249999999922e-42
5.607199999999999740e+00 5.832225000000001240e-42
5.659200000000000230e+00 5.399116959999999957e-42
5.711599999999999788e+00 5.008643999999998998e-42
5.764499999999999957e+00 4.655237759999999921e-42
5.817899999999999849e+00 4.335556840000000346e-42
5.871800000000000352e+00 4.045729960000000868e-42
5.926199999999999690e+00 3.782247040000000546e-42
5.980999999999999872e+00 3.541923999999999701e-42
6.036400000000000432e+00 3.322599839999999388e-42
6.092299999999999827e+00 3.121935610000000670e-42
6.148799999999999599e+00 2.938138810000000461e-42
6.205700000000000216e+00 2.769561640000000062e-42
6.263200000000000323e+00 2.614042239999999960e-42
6.321200000000000152e+00 2.470555240000000066e-42
6.379800000000000360e+00 2.338146809999999722e-42
6.438900000000000290e+00 2.215334559999999863e-42
6.498499999999999943e+00 2.101630089999999987e-42
6.558699999999999974e+00 1.995721290000000130e-42
6.619399999999999729e+00 1.897230759999999803e-42
6.680699999999999861e+00 1.804992250000000075e-42
6.742600000000000371e+00 1.718983210000000145e-42
6.805100000000000371e+00 1.638399999999999719e-42
6.868100000000000094e+00 1.562750009999999886e-42
6.931700000000000195e+00 1.491817960000000015e-42
6.995899999999999785e+00 1.424919689999999811e-42
7.060699999999999754e+00 1.361888999999999796e-42
7.126100000000000101e+00 1.302565689999999961e-42
7.192099999999999937e+00 1.246348959999999878e-42
7.258700000000000152e+00 1.193337759999999784e-42
7.325999999999999623e+00 1.142974809999999885e-42
7.393799999999999706e+00 1.095162250000000012e-42
7.462299999999999933e+00 1.050010089999999864e-42
7.531399999999999650e+00 1.006811559999999799e-42
7.601200000000000401e+00 9.659941224999998594e-43
7.671599999999999753e+00 9.270416088999999046e-43
7.742600000000000371e+00 8.899658244000001595e-43
7.814400000000000013e+00 8.546078025000000422e-43
7.886700000000000266e+00 8.209084816000001442e-43
7.959800000000000431e+00 7.887216100000000279e-43
8.033500000000000085e+00 7.537017855999998410e-43
8.107900000000000773e+00 7.241839800999999222e-43
8.182999999999999829e+00 6.959897475999999310e-43
8.258800000000000807e+00 6.689931263999999877e-43
8.335300000000000153e+00 6.431398416000000030e-43
8.412499999999999645e+00 6.183935043999999989e-43
8.490399999999999281e+00 5.947031689000000291e-43
8.569100000000000605e+00 5.719896899999999904e-43
8.648400000000000531e+00 5.502227328999999796e-43
8.728500000000000369e+00 5.293581048999999844e-43
8.809400000000000119e+00 5.093534160999999838e-43
8.891000000000000014e+00 4.901400099999999899e-43
8.973300000000000054e+00 4.717354488999999418e-43
9.056400000000000006e+00 4.540603456000000769e-43
9.140299999999999869e+00 4.371060995999999480e-43
9.224999999999999645e+00 4.208506129000000449e-43
9.310399999999999565e+00 4.052213649000000146e-43
9.396599999999999397e+00 3.902375961000000629e-43
9.483700000000000685e+00 3.758425636000000103e-43
9.571500000000000341e+00 3.620428899999999727e-43
9.660199999999999676e+00 3.487965481000000208e-43
9.749599999999999156e+00 3.360868728999999904e-43
9.839999999999999858e+00 3.238975744000000326e-43
9.931100000000000705e+00 3.122127376000000166e-43
1.002299999999999969e+01 3.010058496000000035e-43
1.011599999999999966e+01 2.899284025000000281e-43
1.021000000000000085e+01 2.792488336000000481e-43
1.030400000000000027e+01 2.690496900000000017e-43
1.040000000000000036e+01 2.591115409000000143e-43
1.049600000000000044e+01 2.496201443999999853e-43
1.059299999999999997e+01 2.404725443999999775e-43
1.069100000000000072e+01 2.316496899999999794e-43
1.078999999999999915e+01 2.231428643999999542e-43
1.089000000000000057e+01 2.149342321000000197e-43
1.099099999999999966e+01 2.070341001000000355e-43
1.109299999999999997e+01 1.994158335999999900e-43
1.119599999999999973e+01 1.920718276000000212e-43
1.129899999999999949e+01 1.850548324000000226e-43
1.140399999999999991e+01 1.782359524000000274e-43
1.150999999999999979e+01 1.716693488999999878e-43
1.161599999999999966e+01 1.653967561000000076e-43
1.172400000000000020e+01 1.592967744000000068e-43
1.183200000000000074e+01 1.534758975999999979e-43
1.194200000000000017e+01 1.478171809000000124e-43
1.205300000000000082e+01 1.423703823999999837e-43
1.216399999999999970e+01 1.371665295999999977e-43
1.227699999999999925e+01 1.321177104000000126e-43
1.239100000000000001e+01 1.272491583999999999e-43
1.250500000000000078e+01 1.226050225000000133e-43
1.262100000000000044e+01 1.180953224999999837e-43
1.273799999999999955e+01 1.137510528999999999e-43
1.285599999999999987e+01 1.095742404000000048e-43
1.297499999999999964e+01 1.055535120999999990e-43
1.309500000000000064e+01 1.016780768999999995e-43
1.321700000000000053e+01 9.792518490000000609e-44
1.333900000000000041e+01 9.433497959999999953e-44
1.346299999999999919e+01 9.086004490000000270e-44
1.358699999999999974e+01 8.753905689999999747e-44
1.371299999999999919e+01 8.432054440000000334e-44
1.383999999999999986e+01 8.122499999999998685e-44
1.396799999999999997e+01 7.824327840000000882e-44
1.409800000000000075e+01 7.535574009999999982e-44
1.422799999999999976e+01 7.259791360000000993e-44
1.435999999999999943e+01 6.992851359999999290e-44
1.449300000000000033e+01 6.736101159999999667e-44
1.462700000000000067e+01 6.488737290000000113e-44
1.476299999999999990e+01 6.249500010000000392e-44
1.490000000000000036e+01 6.019662250000000383e-44
1.503800000000000026e+01 5.798463999999999882e-44
1.517699999999999960e+01 5.586132250000000417e-44
1.531700000000000017e+01 5.381472040000000817e-44
1.545899999999999963e+01 5.183818239999999331e-44
1.560200000000000031e+01 4.993437160000000805e-44
1.574699999999999989e+01 4.809249000000000545e-44
1.589300000000000068e+01 4.632395290000000191e-44
1.603999999999999915e+01 4.462656249999999769e-44
1.618900000000000006e+01 4.298158239999999660e-44
1.633899999999999864e+01 4.140411040000000027e-44
1.648999999999999844e+01 3.988408410000000353e-44
1.664300000000000068e+01 3.841599999999999849e-44
1.679700000000000060e+01 3.700621690000000379e-44
1.695200000000000173e+01 3.565299239999999756e-44
1.710900000000000176e+01 3.434350240000000327e-44
1.726800000000000068e+01 3.307669690000000097e-44
1.742800000000000082e+01 3.186224999999999695e-44
1.758899999999999864e+01 3.069503999999999697e-44
1.775199999999999889e+01 2.956680249999999980e-44
1.791700000000000159e+01 2.847656250000000077e-44
1.808200000000000074e+01 2.743660960000000157e-44
1.825000000000000000e+01 2.642575360000000273e-44
1.841900000000000048e+01 2.545620249999999820e-44
1.858999999999999986e+01 2.451729640000000065e-44
1.876200000000000045e+01 2.361754240000000285e-44
1.893599999999999994e+01 2.274968890000000262e-44
1.911100000000000065e+01 2.191584159999999735e-44
1.928800000000000026e+01 2.110918410000000137e-44
1.946699999999999875e+01 2.033190810000000070e-44
1.964699999999999847e+01 1.958880159999999781e-44
1.982900000000000063e+01 1.886776959999999798e-44
2.001200000000000045e+01 1.815486759999999965e-44
2.019800000000000040e+01 1.748477290000000140e-44
2.038500000000000156e+01 1.683765760000000001e-44
2.057400000000000162e+01 1.621802249999999993e-44
2.076399999999999935e+01 1.562000039999999888e-44
2.095700000000000074e+01 1.504792889999999823e-44
2.115099999999999980e+01 1.449615999999999971e-44
2.134700000000000131e+01 1.396414889999999852e-44
2.154400000000000048e+01 1.345136039999999680e-44
2.174399999999999977e+01 1.296182250000000250e-44
2.194500000000000028e+01 1.248806249999999953e-44
2.214900000000000091e+01 1.203409000000000231e-44
2.235399999999999920e+01 1.159713610000000132e-44
2.256099999999999994e+01 1.117671840000000064e-44
2.276999999999999957e+01 1.077236410000000003e-44
2.298100000000000165e+01 1.038157209999999961e-44
2.319300000000000139e+01 1.000800160000000032e-44
2.340800000000000125e+01 9.646382655999999897e-45
2.362500000000000000e+01 9.299709224999999904e-45
2.384400000000000119e+01 8.966196100000000001e-45
2.406500000000000128e+01 8.645652323999999917e-45
2.428800000000000026e+01 8.337333481000001581e-45
2.451300000000000168e+01 8.040888240999999711e-45
2.473999999999999844e+01 7.755972623999999413e-45
2.496900000000000119e+01 7.482250000000000007e-45
2.519999999999999929e+01 7.219221155999999415e-45
2.543299999999999983e+01 6.951390624999999954e-45
2.566900000000000048e+01 6.692548863999999321e-45
2.590700000000000003e+01 6.443433440999999996e-45
2.614699999999999847e+01 6.203925225000001118e-45
2.638899999999999935e+01 5.973434944000000561e-45
2.663299999999999912e+01 5.751857281000000332e-45
2.687999999999999901e+01 5.537741055999999660e-45
2.712900000000000134e+01 5.331920400000000539e-45
2.737999999999999901e+01 5.133865800999999028e-45
2.763400000000000034e+01 4.942793025000000356e-45
2.789000000000000057e+01 4.758930225000000280e-45
2.814799999999999969e+01 4.582342248999999977e-45
2.840899999999999892e+01 4.411749240999999530e-45
2.867200000000000060e+01 4.247910975999999640e-45
2.893799999999999883e+01 4.089730400999999970e-45
2.920599999999999952e+01 3.937688000999999412e-45
2.947599999999999909e+01 3.791603776000000217e-45
2.974899999999999878e+01 3.650697241000000194e-45
3.002499999999999858e+01 3.514829795999999526e-45
3.030300000000000082e+01 3.384214276000000789e-45
3.058299999999999841e+01 3.258697225000000129e-45
3.086700000000000088e+01 3.137232121000000040e-45
3.115299999999999869e+01 3.020601599999999477e-45
3.144099999999999895e+01 2.908552760999999773e-45
3.173199999999999932e+01 2.800526400000000184e-45
3.202600000000000335e+01 2.696309475999999765e-45
3.232300000000000040e+01 2.596004400999999976e-45
3.262199999999999989e+01 2.499600016000000124e-45
3.292399999999999949e+01 2.406785480999999876e-45
3.322899999999999920e+01 2.317267043999999959e-45
3.353699999999999903e+01 2.231050756000000178e-45
3.384799999999999898e+01 2.148044408999999621e-45
3.416100000000000136e+01 2.068339440999999872e-45
3.447800000000000153e+01 1.991301375999999853e-45
3.479699999999999704e+01 1.917388944000000232e-45
3.511899999999999977e+01 1.846163088999999874e-45
3.544500000000000028e+01 1.777381280999999794e-45
3.577300000000000324e+01 1.711394161000000293e-45
3.610399999999999920e+01 1.647872836000000110e-45
3.643900000000000006e+01 1.586508561000000017e-45
3.677600000000000335e+01 1.527559055999999748e-45
3.711699999999999733e+01 1.470722500000000109e-45
3.746099999999999852e+01 1.416016899999999871e-45
3.780700000000000216e+01 1.363529476000000113e-45
3.815800000000000125e+01 1.312757823999999990e-45
3.851100000000000279e+01 1.264015809000000219e-45
3.886800000000000210e+01 1.216963224999999975e-45
3.922800000000000153e+01 1.171761360999999887e-45
3.959100000000000108e+01 1.128220920999999987e-45
3.995799999999999841e+01 1.086295680999999856e-45
4.032800000000000296e+01 1.048205376000000129e-45
4.070100000000000051e+01 1.011494415999999831e-45
4.107800000000000296e+01 9.760625640000001379e-46
4.145900000000000318e+01 9.419374809999999616e-46
4.184300000000000352e+01 9.089622010000000218e-46
4.222999999999999687e+01 8.772259240000000686e-46
4.262199999999999989e+01 8.465772160000001429e-46
4.301599999999999824e+01 8.171022250000000433e-46
4.341499999999999915e+01 7.885425609999998201e-46
4.381700000000000017e+01 7.610977439999999064e-46
4.422299999999999898e+01 7.346268159999999343e-46
4.463199999999999790e+01 7.091036409999999058e-46
4.504599999999999937e+01 6.845025689999999720e-46
4.546300000000000097e+01 6.607470249999999819e-46
4.588400000000000034e+01 6.379160490000000253e-46
4.630899999999999750e+01 6.158338559999999881e-46
4.673799999999999955e+01 5.945794559999999308e-46
4.717099999999999937e+01 5.740816000000000300e-46
4.760799999999999699e+01 5.543199359999999801e-46
4.804899999999999949e+01 5.353207689999999474e-46
4.849399999999999977e+01 5.169711690000000364e-46
4.894299999999999784e+01 4.992990250000000361e-46
4.939600000000000080e+01 4.821976810000000160e-46
4.985399999999999920e+01 4.657827240000000454e-46
5.031499999999999773e+01 4.499489440000000392e-46
5.078199999999999648e+01 4.346391039999999986e-46
5.125200000000000244e+01 4.199220639999999707e-46
5.172699999999999676e+01 4.057404489999999461e-46
5.220600000000000307e+01 3.920400000000000482e-46
5.268900000000000006e+01 3.788862250000000014e-46
5.317699999999999960e+01 3.661482249999999349e-46
5.367000000000000171e+01 3.539289689999999706e-46
5.416700000000000159e+01 3.421020160000000082e-46
5.466899999999999693e+01 3.307305960000000111e-46
5.517499999999999716e+01 3.197301610000000240e-46
5.568599999999999994e+01 3.091970560000000033e-46
5.620199999999999818e+01 2.990132640000000273e-46
5.672200000000000131e+01 2.891700250000000315e-46
5.724799999999999756e+01 2.797256250000000207e-46
5.777799999999999869e+01 2.706025000000000134e-46
5.831300000000000239e+01 2.617923999999999777e-46
5.885300000000000153e+01 2.533190560000000320e-46
5.939800000000000324e+01 2.451416490000000487e-46
5.994800000000000040e+01 2.372832160000000081e-46
6.050399999999999778e+01 2.296740249999999602e-46
6.106400000000000006e+01 2.223677439999999569e-46
6.163000000000000256e+01 2.152969290000000003e-46
6.220000000000000284e+01 2.085135999999999488e-46
6.277700000000000102e+01 2.019525210000000541e-46
6.335799999999999699e+01 1.956641439999999944e-46
6.394500000000000028e+01 1.895578240000000301e-46
6.453700000000000614e+01 1.837109159999999877e-46
6.513500000000000512e+01 1.780356490000000029e-46
6.573799999999999955e+01 1.726070439999999918e-46
6.634699999999999420e+01 1.673400960000000037e-46
6.696200000000000330e+01 1.622821209999999983e-46
6.758199999999999363e+01 1.574021159999999984e-46
6.820799999999999841e+01 1.526954489999999892e-46
6.884000000000000341e+01 1.481819290000000049e-46
6.947700000000000387e+01 1.438080639999999884e-46
7.012099999999999511e+01 1.395942249999999942e-46
7.076999999999999602e+01 1.355361639999999910e-46
7.142600000000000193e+01 1.316297290000000065e-46
7.208700000000000330e+01 1.278482489999999787e-46
7.275499999999999545e+01 1.242110249999999898e-46
7.342900000000000205e+01 1.207141690000000113e-46
7.410899999999999466e+01 1.173105609999999939e-46
7.479500000000000171e+01 1.140624000000000218e-46
7.548799999999999955e+01 1.109230240000000137e-46
7.618699999999999761e+01 1.079105440000000202e-46
7.689300000000000068e+01 1.050010090000000124e-46
7.760500000000000398e+01 1.021918810000000008e-46
7.832399999999999807e+01 9.946870755999998250e-47
7.904900000000000659e+01 9.686299561000002053e-47
7.978100000000000591e+01 9.434625423999999599e-47
8.051999999999999602e+01 9.192207375999998917e-47
8.126600000000000534e+01 8.958433201000000590e-47
8.201900000000000546e+01 8.733276303999999487e-47
8.277899999999999636e+01 8.516152089000000316e-47
8.354500000000000171e+01 8.306864164000000542e-47
8.431900000000000261e+01 8.105220841000001006e-47
8.509999999999999432e+01 7.910679364000000634e-47
8.588800000000000523e+01 7.723421689000000434e-47
8.668399999999999750e+01 7.542748801000000336e-47
8.748699999999999477e+01 7.368848964000000146e-47
8.829699999999999704e+01 7.201049880999999241e-47
8.911499999999999488e+01 7.039545604000000237e-47
8.993999999999999773e+01 6.883854961000000800e-47
9.077299999999999613e+01 6.733679481000000090e-47
9.161400000000000432e+01 6.589218276000000209e-47
9.246299999999999386e+01 6.449856721000000883e-47
9.331900000000000261e+01 6.315480900000000046e-47
9.418300000000000693e+01 6.186137103999999305e-47
9.505599999999999739e+01 6.061556735999999878e-47
9.593600000000000705e+01 5.941480561000001013e-47
9.682500000000000284e+01 5.825810928999999803e-47
9.772100000000000364e+01 5.714452835999999495e-47
9.862699999999999534e+01 5.607164161000001042e-47
9.954000000000000625e+01 5.503710968999999179e-47
1.004599999999999937e+02 5.421082383999999329e-47
1.013900000000000006e+02 5.323745296000000834e-47
1.023299999999999983e+02 5.230182400000000129e-47
1.032800000000000011e+02 5.139886248999999020e-47
1.042399999999999949e+02 5.053077224999999720e-47
1.052000000000000028e+02 4.969263048999999751e-47
1.061800000000000068e+02 4.888666560999999201e-47
1.071599999999999966e+02 4.810948321000000689e-47
1.081500000000000057e+02 4.736192400000000234e-47
1.091500000000000057e+02 4.664343616000001055e-47
1.101599999999999966e+02 4.594941796000000340e-47
1.111800000000000068e+02 4.528213263999999569e-47
1.122099999999999937e+02 4.464110595999998743e-47
1.132500000000000000e+02 4.402322499999998854e-47
1.142999999999999972e+02 4.342810000000000236e-47
1.153599999999999994e+02 4.285666225000000236e-47
1.164300000000000068e+02 4.230591848999999783e-47
1.175100000000000051e+02 4.177683225000000110e-47
1.185999999999999943e+02 4.126777600000000304e-47
1.197000000000000028e+02 4.077971881000000167e-47
1.207999999999999972e+02 4.030980099999999718e-47
1.219200000000000017e+02 3.985775688999999753e-47
1.230499999999999972e+02 3.942458520999999942e-47
1.241899999999999977e+02 3.900751936000000096e-47
1.253400000000000034e+02 3.860758225000000611e-47
1.265000000000000000e+02 3.822454276000000522e-47
1.276800000000000068e+02 3.785571728999999535e-47
1.288600000000000136e+02 3.750460080999999784e-47
1.300500000000000114e+02 3.716609295999999979e-47
1.312599999999999909e+02 3.684247204000000066e-47
1.324699999999999989e+02 3.653356248999999760e-47
1.336999999999999886e+02 3.623678808999999914e-47
1.349399999999999977e+02 3.595321520999999640e-47
1.361899999999999977e+02 3.568389695999999877e-47
1.374499999999999886e+02 3.542511361000000407e-47
1.387199999999999989e+02 3.518031968999999600e-47
1.400099999999999909e+02 3.494583225000000017e-47
1.413000000000000114e+02 3.472509184000000474e-47
1.426100000000000136e+02 3.451445001000000398e-47
1.439300000000000068e+02 3.431499241000000288e-47
1.452700000000000102e+02 3.412779561000000430e-47
1.466100000000000136e+02 3.395159824000000111e-47
1.479699999999999989e+02 3.378631876000000058e-47
1.493400000000000034e+02 3.363188049000000234e-47
1.507199999999999989e+02 3.349052640999999890e-47
1.521200000000000045e+02 3.335871048999999860e-47
1.535300000000000011e+02 3.323983715999999596e-47
1.549499999999999886e+02 3.313268721000000286e-47
1.563799999999999955e+02 3.304295288999999766e-47
1.578300000000000125e+02 3.296597056000000070e-47
1.593000000000000114e+02 3.290169600000000027e-47
1.607700000000000102e+02 3.286614240999999642e-47
1.622599999999999909e+02 3.276646564000000229e-47
1.637599999999999909e+02 3.266808336000000408e-47
1.652800000000000011e+02 3.256984899999999678e-47
1.668100000000000023e+02 3.247290224999999656e-47
1.683600000000000136e+02 3.237496200999999940e-47
1.699099999999999966e+02 3.227830596000000084e-47
1.714900000000000091e+02 3.218065983999999923e-47
1.730800000000000125e+02 3.208316164000000313e-47
1.746800000000000068e+02 3.198694249000000114e-47
1.763000000000000114e+02 3.189086784000000102e-47
1.779300000000000068e+02 3.179606543999999853e-47
1.795800000000000125e+02 3.170027808999999940e-47
1.812400000000000091e+02 3.160463523999999728e-47
1.829199999999999875e+02 3.151025956000000202e-47
1.846100000000000136e+02 3.141490401000000088e-47
1.863199999999999932e+02 3.132081224999999429e-47
1.880500000000000114e+02 3.122686161000000158e-47
1.897899999999999920e+02 3.113305208999999844e-47
1.915500000000000114e+02 3.103938368999999944e-47
1.933199999999999932e+02 3.094585640999999974e-47
1.951100000000000136e+02 3.085358116000000072e-47
1.969199999999999875e+02 3.076033444000000464e-47
1.987500000000000000e+02 3.066722883999999813e-47
2.005900000000000034e+02 3.072041475999999747e-47
2.024399999999999977e+02 3.077142783999999792e-47
2.043199999999999932e+02 3.082581440999999987e-47
2.062100000000000080e+02 3.088136041000000248e-47
2.081200000000000045e+02 3.093806884000000090e-47
2.100500000000000114e+02 3.099705625000000182e-47
2.120000000000000000e+02 3.105944361000000260e-47
2.139600000000000080e+02 3.112300944000000197e-47
2.159399999999999977e+02 3.119110801000000126e-47
2.179399999999999977e+02 3.126039920999999691e-47
2.199600000000000080e+02 3.133536483999999733e-47
2.220000000000000000e+02 3.141042024999999513e-47
2.240500000000000114e+02 3.149117689000000242e-47
2.261299999999999955e+02 3.157428480999999865e-47
2.282199999999999989e+02 3.166200361000000144e-47
2.303400000000000034e+02 3.175097103999999938e-47
2.324699999999999989e+02 3.184683488999999665e-47
2.346200000000000045e+02 3.194397360999999872e-47
2.368000000000000114e+02 3.204465664000000133e-47
2.389900000000000091e+02 3.215003401000000441e-47
2.411999999999999886e+02 3.225899209000000407e-47
2.434399999999999977e+02 3.237154816000000123e-47
2.456899999999999977e+02 3.248658009000000246e-47
2.479699999999999989e+02 3.260866815999999857e-47
2.502599999999999909e+02 3.273212944000000497e-47
2.525800000000000125e+02 3.286040976000000578e-47
2.549199999999999875e+02 3.299238721000000116e-47
2.572799999999999727e+02 3.312923363999999544e-47
2.596700000000000159e+02 3.326867041000000224e-47
2.620699999999999932e+02 3.341302416000000342e-47
2.645000000000000000e+02 3.356232488999999923e-47
2.669499999999999886e+02 3.371428095999999668e-47
2.694200000000000159e+02 3.387123601000000047e-47
2.719200000000000159e+02 3.403322244000000014e-47
2.744300000000000068e+02 3.419910400000000557e-47
2.769800000000000182e+02 3.436890624999999903e-47
2.795400000000000205e+02 3.454383076000000214e-47
2.821299999999999955e+02 3.472273476000000150e-47
2.847400000000000091e+02 3.490682724000000456e-47
2.873799999999999955e+02 3.509496080999999719e-47
2.900400000000000205e+02 3.528835215999999450e-47
2.927300000000000182e+02 3.548584900000000358e-47
2.954399999999999977e+02 3.568748120999999723e-47
2.981800000000000068e+02 3.589567568999999803e-47
3.009399999999999977e+02 3.616699320999999835e-47
3.037300000000000182e+02 3.638261123999999560e-47
3.065400000000000205e+02 3.660250000000000233e-47
3.093799999999999955e+02 3.682790596000000144e-47
3.122400000000000091e+02 3.705887375999999849e-47
3.151399999999999864e+02 3.729544899999999966e-47
3.180600000000000023e+02 3.753767823999999712e-47
3.210000000000000000e+02 3.778560899999999823e-47
3.239700000000000273e+02 3.803928975999999634e-47
3.269700000000000273e+02 3.829876995999999998e-47
3.300000000000000000e+02 3.856534200999999973e-47
3.330600000000000023e+02 3.883657761000000477e-47
3.361399999999999864e+02 3.911376680999999793e-47
3.392599999999999909e+02 3.939821823999999913e-47
3.423999999999999773e+02 3.968999999999999768e-47
3.455699999999999932e+02 3.998665224999999419e-47
3.487699999999999818e+02 4.029202576000000095e-47
3.520000000000000000e+02 4.060365840999999831e-47
3.552599999999999909e+02 4.092288841000000280e-47
3.585500000000000114e+02 4.125107529000000051e-47
3.618700000000000045e+02 4.158702143999999961e-47
3.652300000000000182e+02 4.193210024999999805e-47
3.686100000000000136e+02 4.228770841000000254e-47
3.720199999999999818e+02 4.265396099999999818e-47
3.754700000000000273e+02 4.303491201000000527e-47
3.789499999999999886e+02 4.343205409000000102e-47
3.824599999999999795e+02 4.385088399999999703e-47
3.860000000000000000e+02 4.430233599999999878e-47
3.895699999999999932e+02 4.480294224999999939e-47
3.931800000000000068e+02 4.539525375999999629e-47
3.968199999999999932e+02 4.618017936000000477e-47
4.005000000000000000e+02 4.749552888999999843e-47
4.042099999999999795e+02 4.792239075999999588e-47
4.079499999999999886e+02 4.835255295999999339e-47
4.117300000000000182e+02 4.878743103999999823e-47
4.155500000000000114e+02 4.922706243999999941e-47
4.193899999999999864e+02 4.966866576000000008e-47
4.232799999999999727e+02 4.912467920999999529e-47
4.271999999999999886e+02 4.919339043999999433e-47
4.311600000000000250e+02 4.947434243999999708e-47
4.351499999999999773e+02 4.985066025000000211e-47
4.391800000000000068e+02 5.027802649000000436e-47
4.432500000000000000e+02 5.073855361000000805e-47
4.473500000000000227e+02 5.122264899999999675e-47
4.515000000000000000e+02 5.172486399999999827e-47
4.556800000000000068e+02 5.224398399999999312e-47
4.598999999999999773e+02 5.277731903999999329e-47
4.641600000000000250e+02 5.332358528999999981e-47
4.684599999999999795e+02 5.388294025000001141e-47
4.728000000000000114e+02 5.445554436000001313e-47
4.771800000000000068e+02 5.504007721000000770e-47
4.816000000000000227e+02 5.563518921000000188e-47
4.860600000000000023e+02 5.624400015999999890e-47
4.905600000000000023e+02 5.686517281000000713e-47
4.951000000000000227e+02 5.749885583999998858e-47
4.996899999999999977e+02 5.814520009000000017e-47
5.043199999999999932e+02 5.880435855999999927e-47
5.089900000000000091e+02 5.947494400000000038e-47
5.137000000000000455e+02 6.016018968999999893e-47
5.184600000000000364e+02 6.085872143999999081e-47
5.232599999999999909e+02 6.157070089000001162e-47
5.281100000000000136e+02 6.229471328999999706e-47
5.330000000000000000e+02 6.303407236000001129e-47
5.379400000000000546e+02 6.378897424000000509e-47
5.429199999999999591e+02 6.455640409000001387e-47
5.479500000000000455e+02 6.533812224000001013e-47
5.530199999999999818e+02 6.613592976000000452e-47
5.581399999999999864e+02 6.695003329000000866e-47
5.633099999999999454e+02 6.777734928999999961e-47
5.685299999999999727e+02 6.862134243999999946e-47
5.737999999999999545e+02 6.948222735999999102e-47
5.791100000000000136e+02 7.035854400000000641e-47
5.844800000000000182e+02 7.125216920999999196e-47
5.898899999999999864e+02 7.216332600999999276e-47
5.953500000000000227e+02 7.309053048999999335e-47
6.008700000000000045e+02 7.403569936000000396e-47
6.064299999999999500e+02 7.499906404000001531e-47
6.120499999999999545e+02 7.597911555999999154e-47
6.177200000000000273e+02 7.697956644000000429e-47
6.234400000000000546e+02 7.799892488999998439e-47
6.292100000000000364e+02 7.903743408999998449e-47
6.350399999999999636e+02 8.009534016000000466e-47
6.409199999999999591e+02 8.117289215999999238e-47
6.468600000000000136e+02 8.227215615999999102e-47
6.528500000000000227e+02 8.339159761000000378e-47
6.588999999999999773e+02 8.453331364000000694e-47
6.650000000000000000e+02 8.569575183999999504e-47
6.711599999999999682e+02 8.688104100000000467e-47
6.773799999999999955e+02 8.809136448999998331e-47
6.836499999999999773e+02 8.932518144000000360e-47
6.899800000000000182e+02 9.058280625000001341e-47
6.963700000000000045e+02 9.187222499999999588e-47
7.028200000000000500e+02 9.319392368999998377e-47
7.093300000000000409e+02 9.456201048999999753e-47
7.158999999999999773e+02 9.602040100000000366e-47
7.225299999999999727e+02 9.779825448999998713e-47
7.292300000000000182e+02 9.910003401000001381e-47
7.359800000000000182e+02 1.004204410000000137e-46
7.427999999999999545e+02 1.017475690000000128e-46
7.496799999999999500e+02 1.031037159999999875e-46
7.566200000000000045e+02 1.045301760000000121e-46
7.636299999999999955e+02 1.060076160000000105e-46
7.707000000000000455e+02 1.075576410000000042e-46
7.778400000000000318e+02 1.091398089999999835e-46
7.850499999999999545e+02 1.107545760000000103e-46
7.923200000000000500e+02 1.124024040000000004e-46
7.996599999999999682e+02 1.140837609999999767e-46
8.070599999999999454e+02 1.157991210000000107e-46
8.145399999999999636e+02 1.175489640000000088e-46
8.220800000000000409e+02 1.193337760000000232e-46
8.297000000000000455e+02 1.211320359999999940e-46
8.373799999999999955e+02 1.229881000000000019e-46
8.451399999999999864e+02 1.248582760000000166e-46
8.529600000000000364e+02 1.267876000000000005e-46
8.608600000000000136e+02 1.287317160000000091e-46
8.688400000000000318e+02 1.307134889999999955e-46
8.768899999999999864e+02 1.327564840000000019e-46
8.850099999999999909e+02 1.348153209999999923e-46
8.932000000000000455e+02 1.369134009999999947e-46
9.014800000000000182e+02 1.390748490000000104e-46
9.098300000000000409e+02 1.412532249999999889e-46
9.182500000000000000e+02 1.434724840000000044e-46
9.267599999999999909e+02 1.457331839999999932e-46
9.353400000000000318e+02 1.480358890000000176e-46
9.440099999999999909e+02 1.504056960000000083e-46
9.527500000000000000e+02 1.527943210000000048e-46
9.615700000000000500e+02 1.552266810000000141e-46
9.704800000000000182e+02 1.577033639999999821e-46
9.794700000000000273e+02 1.602502809999999979e-46
9.885399999999999636e+02 1.628176000000000116e-46
9.977000000000000455e+02 1.654567690000000007e-46
1.006899999999999977e+03 1.681430890000000017e-46
1.016299999999999955e+03 1.708510409999999807e-46
1.025700000000000045e+03 1.736333289999999955e-46
1.035200000000000045e+03 1.764646560000000427e-46
1.044799999999999955e+03 1.819801000000000148e-46
1.054400000000000091e+03 1.822770009999999908e-46
1.064200000000000045e+03 1.852865439999999772e-46
1.074099999999999909e+03 1.883207290000000383e-46
1.084000000000000000e+03 1.914348960000000308e-46
1.094099999999999909e+03 1.945746010000000398e-46
1.104200000000000045e+03 1.978242249999999530e-46
1.114400000000000091e+03 2.011007609999999608e-46
1.124700000000000045e+03 2.044614009999999791e-46
1.135200000000000045e+03 2.079364000000000121e-46
1.145700000000000045e+03 2.122848999999999535e-46
1.156299999999999955e+03 2.157373439999999937e-46
1.167000000000000000e+03 2.185075239999999581e-46
1.177799999999999955e+03 2.221292160000000010e-46
1.188700000000000045e+03 2.258407839999999609e-46
1.199700000000000045e+03 2.296134090000000320e-46
1.210799999999999955e+03 2.335089610000000254e-46
1.222000000000000000e+03 2.374372810000000010e-46
1.233400000000000091e+03 2.414605210000000150e-46
1.244799999999999955e+03 2.455489000000000375e-46
1.256299999999999955e+03 2.497348090000000495e-46
1.268000000000000000e+03 2.539560959999999560e-46
1.279700000000000045e+03 2.583091840000000154e-46
1.291500000000000000e+03 2.626992640000000493e-46
1.303500000000000000e+03 2.671917160000000015e-46
1.315599999999999909e+03 2.717552250000000479e-46
1.327799999999999955e+03 2.764238760000000297e-46
1.340099999999999909e+03 2.811658239999999796e-46
1.352500000000000000e+03 2.860157439999999799e-46
1.365000000000000000e+03 2.909412489999999781e-46
1.377700000000000045e+03 2.959432089999999709e-46
1.390400000000000091e+03 3.010572009999999727e-46
1.403299999999999955e+03 3.062499999999999864e-46
1.416299999999999955e+03 3.115578010000000017e-46
1.429400000000000091e+03 3.169468089999999690e-46
1.442599999999999909e+03 3.224538489999999893e-46
1.456000000000000000e+03 3.280807689999999597e-46
1.469500000000000000e+03 3.337929000000000217e-46
1.483099999999999909e+03 3.395911840000000169e-46
1.496799999999999955e+03 3.455137440000000011e-46
1.510700000000000045e+03 3.515624999999999883e-46
1.524700000000000045e+03 3.577015689999999913e-46
1.538799999999999955e+03 3.639700839999999792e-46
1.553099999999999909e+03 3.703315360000000152e-46
1.567500000000000000e+03 3.768257439999999600e-46
1.582000000000000000e+03 3.834547239999999841e-46
1.596599999999999909e+03 3.901810089999999328e-46
1.611400000000000091e+03 3.970454760000000086e-46
1.626299999999999955e+03 4.040502009999999739e-46
1.641400000000000091e+03 4.111972840000000194e-46
1.656599999999999909e+03 4.185297639999999970e-46
1.671900000000000091e+03 4.267529640000000568e-46
1.687400000000000091e+03 4.333891239999999847e-46
1.703099999999999909e+03 4.410000000000000239e-46
1.718799999999999955e+03 4.488042249999999503e-46
1.734799999999999955e+03 4.567623840000000550e-46
1.750799999999999955e+03 4.648767209999999850e-46
1.767000000000000000e+03 4.731495039999999711e-46
1.783400000000000091e+03 4.815391360000000389e-46
1.799900000000000091e+03 4.901353210000000586e-46
1.816599999999999909e+03 4.988522250000000621e-46
1.833400000000000091e+03 5.077360889999999218e-46
1.850400000000000091e+03 5.167892890000000054e-46
1.867500000000000000e+03 5.260142250000000192e-46
1.884799999999999955e+03 5.354133210000000202e-46
1.902299999999999955e+03 5.449890249999999485e-46
1.919900000000000091e+03 5.546967040000000602e-46
1.937700000000000045e+03 5.646326440000000311e-46
1.955700000000000045e+03 5.747526760000000168e-46
1.973799999999999955e+03 5.850593440000000363e-46
1.992000000000000000e+03 5.955552159999999916e-46
2.010500000000000000e+03 6.062921290000000364e-46
2.029099999999999909e+03 6.171249639999999810e-46
2.047900000000000091e+03 6.282040960000000150e-46
2.066900000000000091e+03 6.395335209999999926e-46
2.086000000000000000e+03 6.510152249999999922e-46
2.105300000000000182e+03 6.627535360000000436e-46
2.124800000000000182e+03 6.747006250000000617e-46
2.144500000000000000e+03 6.868592639999999309e-46
2.164400000000000091e+03 6.992322490000000412e-46
2.184400000000000091e+03 7.118757610000000725e-46
2.204699999999999818e+03 7.247402409999999821e-46
2.225099999999999909e+03 7.378285690000000247e-46
2.245699999999999818e+03 7.511436489999998714e-46
2.266500000000000000e+03 7.647437159999998819e-46
2.287500000000000000e+03 7.793030559999999208e-46
2.308699999999999818e+03 7.927040249999998545e-46
2.330099999999999909e+03 8.070144639999999599e-46
2.351599999999999909e+03 8.216822250000000897e-46
2.373400000000000091e+03 8.365399290000001041e-46
2.395400000000000091e+03 8.517058560000000322e-46
2.417599999999999909e+03 8.671847040000000738e-46
2.440000000000000000e+03 8.829217960000000416e-46
2.462599999999999909e+03 8.989802890000000817e-46
2.485400000000000091e+03 9.153045159999998925e-46
2.508400000000000091e+03 9.319587840000001504e-46
2.531599999999999909e+03 9.488864159999999015e-46
2.555099999999999909e+03 9.661528889999999571e-46
2.578800000000000182e+03 9.837632249999998390e-46
2.602599999999999909e+03 1.001659201000000102e-45
2.626800000000000182e+03 1.019908095999999843e-45
2.651099999999999909e+03 1.038515075999999751e-45
2.675599999999999909e+03 1.057485360999999963e-45
2.700400000000000091e+03 1.076758595999999857e-45
2.725400000000000091e+03 1.096404543999999968e-45
2.750699999999999818e+03 1.116428568999999889e-45
2.776199999999999818e+03 1.136768656000000223e-45
2.801900000000000091e+03 1.157564529000000167e-45
2.827800000000000182e+03 1.178686224000000077e-45
2.854000000000000000e+03 1.200276025000000206e-45
2.880400000000000091e+03 1.222201599999999857e-45
2.907099999999999909e+03 1.244537284000000124e-45
2.934000000000000000e+03 1.267288800999999863e-45
2.961199999999999818e+03 1.290533776000000098e-45
2.988699999999999818e+03 1.314135001000000012e-45
3.016300000000000182e+03 1.338315889000000052e-45
3.044300000000000182e+03 1.362717225000000212e-45
3.072500000000000000e+03 1.387711504000000024e-45
3.100900000000000091e+03 1.413158463999999866e-45
3.129599999999999909e+03 1.439064224999999975e-45
3.158599999999999909e+03 1.465434961000000194e-45
3.187900000000000091e+03 1.492276899999999810e-45
3.217400000000000091e+03 1.519674288999999951e-45
3.247199999999999818e+03 1.547556920999999865e-45
3.277300000000000182e+03 1.576010601000000085e-45
3.307599999999999909e+03 1.604883720999999999e-45
3.338300000000000182e+03 1.634423183999999809e-45
3.369199999999999818e+03 1.664395208999999770e-45
3.400400000000000091e+03 1.695051241000000067e-45
3.431900000000000091e+03 1.726153208999999943e-45
3.463699999999999818e+03 1.757873328999999643e-45
3.495800000000000182e+03 1.790220721000000322e-45
3.528199999999999818e+03 1.823119203999999925e-45
3.560800000000000182e+03 1.856661921000000058e-45
3.593800000000000182e+03 1.890858255999999897e-45
3.627099999999999909e+03 1.925629923999999950e-45
3.660699999999999818e+03 1.961072655999999619e-45
3.694599999999999909e+03 1.997196100000000144e-45
3.728800000000000182e+03 2.034009999999999807e-45
3.763400000000000091e+03 2.071433169000000010e-45
3.798199999999999818e+03 2.109564900000000066e-45
3.833400000000000091e+03 2.150733375999999954e-45
3.868900000000000091e+03 2.188087728999999988e-45
3.904699999999999818e+03 2.228406436000000136e-45
3.940900000000000091e+03 2.269474321000000060e-45
3.977400000000000091e+03 2.311301776000000107e-45
4.014199999999999818e+03 2.353996323999999743e-45
4.051400000000000091e+03 2.397375368999999911e-45
4.088900000000000091e+03 2.441644568999999853e-45
4.126800000000000182e+03 2.486617956000000041e-45
4.165000000000000000e+03 2.532504976000000245e-45
4.203600000000000364e+03 2.579319369000000081e-45
4.242600000000000364e+03 2.626870009000000197e-45
4.281899999999999636e+03 2.675372176000000236e-45
4.321500000000000000e+03 2.724839999999999961e-45
4.361500000000000000e+03 2.775077041000000142e-45
4.401899999999999636e+03 2.826410895999999776e-45
4.442699999999999818e+03 2.878537104000000191e-45
4.483899999999999636e+03 2.931789316000000730e-45
4.525399999999999636e+03 2.985966735999999545e-45
4.567300000000000182e+03 3.041081315999999756e-45
4.609600000000000364e+03 3.097367715999999613e-45
4.652300000000000182e+03 3.154619555999999221e-45
4.695399999999999636e+03 3.212849123999999293e-45
4.738899999999999636e+03 3.272297615999999773e-45
4.782800000000000182e+03 3.332752899999999258e-45
4.827100000000000364e+03 3.394460643999999606e-45
4.871800000000000182e+03 3.457204804000000124e-45
4.916899999999999636e+03 3.521116921000000270e-45
4.962399999999999636e+03 3.586332995999999879e-45
5.008399999999999636e+03 3.652630968999999043e-45
5.054800000000000182e+03 3.720268035999999485e-45
5.101600000000000364e+03 3.789141136000000192e-45
5.148899999999999636e+03 3.859267128999999793e-45
5.196600000000000364e+03 3.930663024999999627e-45
5.244699999999999818e+03 4.003472529000000168e-45
5.293300000000000182e+03 4.077588736000000489e-45
5.342300000000000182e+03 4.153029136000000533e-45
5.391800000000000182e+03 4.229941443999999853e-45
5.441699999999999818e+03 4.308215768999999487e-45
5.492100000000000364e+03 4.388002563999999496e-45
5.543000000000000000e+03 4.469323609000000530e-45
5.594300000000000182e+03 4.552065960999999315e-45
5.646100000000000364e+03 4.636384280999999498e-45
5.698399999999999636e+03 4.722300961000000429e-45
5.751199999999999818e+03 4.809838608999999239e-45
5.804500000000000000e+03 4.899020048999998937e-45
5.858199999999999818e+03 4.989727044000000175e-45
5.912500000000000000e+03 5.082264100000000386e-45
5.967300000000000182e+03 5.176370809000000437e-45
6.022500000000000000e+03 5.272357321000000374e-45
6.078300000000000182e+03 5.370104961000000468e-45
6.134600000000000364e+03 5.469637848999999148e-45
6.191399999999999636e+03 5.570980320999998847e-45
6.248800000000000182e+03 5.674307583999999888e-45
6.306699999999999818e+03 5.779496528999999580e-45
6.365100000000000364e+03 5.886725624999999881e-45
6.424000000000000000e+03 5.995869489000000369e-45
6.483500000000000000e+03 6.107109904000000092e-45
6.543600000000000364e+03 6.220319161000000462e-45
6.604199999999999818e+03 6.335682408999999920e-45
6.665399999999999636e+03 6.453230224000000168e-45
6.727100000000000364e+03 6.572993475999999791e-45
6.789399999999999636e+03 6.694839684000000952e-45
6.852300000000000182e+03 6.819126083999999353e-45
6.915800000000000182e+03 6.945722280999999445e-45
6.979800000000000182e+03 7.074492100000000586e-45
7.044500000000000000e+03 7.205802769000000821e-45
7.109699999999999818e+03 7.339520241000000639e-45
7.175600000000000364e+03 7.475677443999999193e-45
7.242000000000000000e+03 7.614307600000001230e-45
7.309100000000000364e+03 7.755620356000000052e-45
7.376800000000000182e+03 7.899654400000000454e-45
7.445100000000000364e+03 8.046269400999999270e-45
7.514100000000000364e+03 8.195680900000000464e-45
7.583699999999999818e+03 8.347745956000000567e-45
7.653899999999999636e+03 8.502684100000000686e-45
7.724800000000000182e+03 8.660535844000000186e-45
7.796399999999999636e+03 8.821342084000000303e-45
7.868600000000000364e+03 8.985144099999999162e-45
7.941500000000000000e+03 9.151983556000000494e-45
8.015000000000000000e+03 9.321902499999999940e-45
8.089199999999999818e+03 9.494943363999998747e-45
8.164199999999999818e+03 9.671345649000000603e-45
8.239799999999999272e+03 9.850959503999999445e-45
8.316100000000000364e+03 1.003402889999999906e-44
8.393100000000000364e+03 1.022121000000000125e-44
8.470899999999999636e+03 1.041012090000000020e-44
8.549299999999999272e+03 1.060282089999999931e-44
8.628500000000000000e+03 1.079936639999999970e-44
8.708399999999999636e+03 1.100191210000000084e-44
8.789100000000000364e+03 1.120422249999999958e-44
8.870500000000000000e+03 1.141264889999999957e-44
8.952700000000000728e+03 1.162515239999999812e-44
9.035600000000000364e+03 1.184179239999999833e-44
9.119299999999999272e+03 1.206043240000000230e-44
9.203700000000000728e+03 1.228550559999999696e-44
9.289000000000000000e+03 1.251265960000000028e-44
9.375000000000000000e+03 1.274640999999999985e-44
9.461799999999999272e+03 1.298232359999999878e-44
9.549500000000000000e+03 1.322499999999999851e-44
9.637899999999999636e+03 1.346992360000000148e-44
9.727200000000000728e+03 1.371943689999999730e-44
9.817299999999999272e+03 1.397596839999999906e-44
9.908200000000000728e+03 1.423487610000000069e-44
1.000000000000000000e+04 1.449856809999999966e-44
